10000 10000 49
1 1 1
0.000000 130.000000 7.700000 150.000000 130.000000 -1.000000 -0.800000
1.000000 130.000000 0.800000 150.000000 1558.571429 0.400000 -0.900000
2.000000 130.000000 2.100000 150.000000 2987.142857 -0.300000 0.600000
3.000000 130.000000 7.300000 150.000000 4415.714286 0.400000 0.200000
4.000000 130.000000 1.900000 150.000000 5844.285714 0.400000 0.800000
5.000000 130.000000 4.900000 150.000000 7272.857143 0.300000 -1.000000
6.000000 130.000000 9.100000 150.000000 8701.428571 0.300000 -0.800000
7.000000 130.000000 4.600000 1578.571429 130.000000 -0.200000 0.700000
8.000000 130.000000 8.100000 1578.571429 1558.571429 -0.100000 1.000000
9.000000 130.000000 8.000000 1578.571429 2987.142857 -0.500000 0.100000
10.000000 130.000000 2.100000 1578.571429 4415.714286 -0.500000 0.300000
11.000000 130.000000 7.600000 1578.571429 5844.285714 0.100000 -0.100000
12.000000 130.000000 4.700000 1578.571429 7272.857143 -0.200000 -0.400000
13.000000 130.000000 8.500000 1578.571429 8701.428571 -0.800000 0.300000
14.000000 130.000000 0.800000 3007.142857 130.000000 0.300000 0.900000
15.000000 130.000000 3.500000 3007.142857 1558.571429 0.300000 -0.400000
16.000000 130.000000 2.900000 3007.142857 2987.142857 1.000000 -0.400000
17.000000 130.000000 3.800000 3007.142857 4415.714286 -0.600000 -0.700000
18.000000 130.000000 5.800000 3007.142857 5844.285714 -0.600000 -0.100000
19.000000 130.000000 7.400000 3007.142857 7272.857143 -0.800000 0.700000
20.000000 130.000000 9.600000 3007.142857 8701.428571 -0.900000 -0.300000
21.000000 130.000000 7.300000 4435.714286 130.000000 0.400000 0.600000
22.000000 130.000000 2.200000 4435.714286 1558.571429 0.000000 0.100000
23.000000 130.000000 0.900000 4435.714286 2987.142857 0.200000 -0.700000
24.000000 130.000000 7.900000 4435.714286 4415.714286 0.200000 0.400000
25.000000 130.000000 6.200000 4435.714286 5844.285714 -0.300000 -0.300000
26.000000 130.000000 3.500000 4435.714286 7272.857143 0.700000 -0.500000
27.000000 130.000000 2.700000 4435.714286 8701.428571 -0.300000 -0.700000
28.000000 130.000000 5.400000 5864.285714 130.000000 -0.600000 -0.500000
29.000000 130.000000 1.900000 5864.285714 1558.571429 0.500000 -0.300000
30.000000 130.000000 7.800000 5864.285714 2987.142857 0.100000 0.100000
31.000000 130.000000 2.200000 5864.285714 4415.714286 0.100000 0.800000
32.000000 130.000000 0.800000 5864.285714 5844.285714 0.900000 -0.400000
33.000000 130.000000 5.200000 5864.285714 7272.857143 0.100000 -0.200000
34.000000 130.000000 4.500000 5864.285714 8701.428571 0.600000 -0.300000
35.000000 130.000000 1.600000 7292.857143 130.000000 -0.600000 -0.800000
36.000000 130.000000 5.200000 7292.857143 1558.571429 -0.300000 -0.700000
37.000000 130.000000 1.400000 7292.857143 2987.142857 0.400000 0.200000
38.000000 130.000000 7.400000 7292.857143 4415.714286 -0.200000 0.700000
39.000000 130.000000 6.400000 7292.857143 5844.285714 0.700000 -0.600000
40.000000 130.000000 2.200000 7292.857143 7272.857143 0.200000 -0.100000
41.000000 130.000000 8.100000 7292.857143 8701.428571 -0.300000 -0.600000
42.000000 130.000000 7.400000 8721.428571 130.000000 -0.500000 -0.200000
43.000000 130.000000 4.400000 8721.428571 1558.571429 0.900000 -0.200000
44.000000 130.000000 1.400000 8721.428571 2987.142857 -0.200000 -0.400000
45.000000 130.000000 0.600000 8721.428571 4415.714286 0.200000 0.400000
46.000000 130.000000 4.300000 8721.428571 5844.285714 0.300000 0.000000
47.000000 130.000000 0.500000 8721.428571 7272.857143 -0.200000 0.000000
48.000000 130.000000 2.700000 8721.428571 8701.428571 0.900000 -0.800000
